,genre_top
0,0.08530755402446415
1,0.08948872561897325
2,0.07986681579680256
3,0.07707905534907453
4,0.09032433271333959
5,0.07363714048022878
6,0.0872116051005432
7,0.09529949887540552
8,0.08316401648073837
9,0.08432614963368368
10,0.07810633772272166
11,0.07556085696271253
12,0.10639973925516631
13,0.05465696343769745
14,0.07399660340276724
15,0.09026809555607695
16,0.10012588432687446
17,0.06819927619602707
18,0.09063658308632573
19,0.08586782854000148
20,0.09799073000947921
21,0.07633897025376328
22,0.08537863830718148
23,0.06759959218692098
24,0.07073499618332206
25,0.09940284949052937
26,0.09746673260153522
27,0.09373183599970618
28,0.06700806701447137
29,0.09122865571113337
