,genre_top
0,0.07529180489972938
1,0.10029062519787908
2,0.07933507939516979
3,0.08847138363954292
4,0.09639552058423764
5,0.0913297017346962
6,0.09043934069737654
7,0.08686606476770165
8,0.07701540546369286
9,0.06704170897961625
10,0.09231257190574672
11,0.07460895142061008
12,0.07696070490664617
13,0.06448128908538363
14,0.07822809825389597
15,0.08475063614112407
16,0.09061874135401293
17,0.07790271029131056
18,0.10258963284258327
19,0.08961151183109563
20,0.07656853961350947
21,0.07339644755210184
22,0.08255290252033158
23,0.08133087895346047
24,0.0652974074507621
25,0.09194637189354503
26,0.07427526742016492
27,0.09998592090862013
28,0.05352203222911336
29,0.09502751071555128
