,genre_top
0,0.09578377659340827
1,0.10424870008464132
2,0.09166509690564545
3,0.09760409533466184
4,0.09793333614154082
5,0.09255066042841473
6,0.09144400705836994
7,0.0895379552270168
8,0.0930966108175983
9,0.09311021233086063
10,0.10193742703002984
11,0.09525613544992663
12,0.10182383928039555
13,0.07397319760074648
14,0.11203463805957177
15,0.08628000028210925
16,0.07311427124088318
17,0.08037988160116906
18,0.10209324430978407
19,0.08437779100475495
20,0.08814409452328129
21,0.08975868878175351
22,0.09278887067021821
23,0.07424370473223924
24,0.08288085323530163
25,0.10862091683862288
26,0.09947079969298116
27,0.08753289198138159
28,0.06658264887588228
29,0.10289189811271458
