,genre_top
0,0.08045767402603964
1,0.08356373014579925
2,0.08669748791955197
3,0.08748687871759175
4,0.09694737374683271
5,0.07087004027624784
6,0.0871538490044287
7,0.09655238607309885
8,0.1074426459349265
9,0.09125488390030218
10,0.0897521255464643
11,0.09803286272812867
12,0.1004465985483299
13,0.056130790103844176
14,0.09038230836474555
15,0.07121309213593124
16,0.08358464970418839
17,0.07591944263200809
18,0.10374411014245191
19,0.09660849908615439
20,0.08901830547737821
21,0.0887062652395381
22,0.08747283566018399
23,0.07699439951458037
24,0.07549019842619895
25,0.11143088620332396
26,0.07927123866031223
27,0.08846671554178953
28,0.06482764344330454
29,0.07517921084779218
